((("No_value" .
   [1 0 0 0 0 0 0 0])
  ("raise" .
   [1 0 0 0 0])
  ("merge_helper" .
   [3 0 0 0 0 0 0 0 0 0 0 0])
  ("merge" .
   [2 0 0 0 0])
  ("keep" .
   [4 0 0 0])
  ("l" .
   [1])
  ("true" .
   [2 0 0 0])
  ("false" .
   [1 0 0 0 0])
  ("wrap" .
   [2 0 0 0])
  ("in" .
   [3 0])
  ("newarr" .
   [1 0 0 0 0 0])
  ("List.map" .
   [3 0 0 0 0 0 0 0])
  ("Some" .
   [8 0 0 0])
  ("foo" .
   [7 0 0])
  ("map" .
   [1 0 0])
  ("'b" .
   [5 0])
  ("would" .
   [1 0 0 0 0])
  ("a.generator" .
   [3 0 0 0 0 1 0 0 0 0 0])
  ("wrap_f" .
   [1 0 0 0 0 0])
  ("None" .
   [16 0 0 0])
  ("let" .
   [4 0 0])
  ("function" .
   [2 0 0 0 0 0 0 0])
  ("exception" .
   [1 0 0 0 0 0 0 0 0])
  ("a.arr" .
   [8 0 0 0 0])
  ("int" .
   [2 0 4])
  ("option" .
   [4 0 0 0 0 0])
  ("'a" .
   [6 0])
  ("gen_list" .
   [3 0 0 0 0 0 0 0])
  ("gen" .
   [2 0 0])
  ("record" .
   [2 0 0 0 0 0])
  ("else" .
   [3 0 0 0])
  ("find_index" .
   [2 0 0 0 0 0 0 0 0 0])
  ("with" .
   [21 0 0 0])
  ("match" .
   [20 0 0 0 0])
  ("then" .
   [3 0 0 0])
  ("rec" .
   [3 0 0])
  ("generator" .
   [6 0 0 0 1 0 0 0 0])
  ("arr" .
   [5 0 0])
  ("and" .
   [1 0 0])
  ("of" .
   [1 0])
  ("fun" .
   [6 0 0])
  ("list" .
   [1 0 0 0])
  ("require" .
   [3 0 0 0 0 0 0])
  ("python" .
   [1 0 0 0 0 0])
  ("def" .
   [1 0 0])
  ("add-to-list" .
   [1 0 0 0 0 0 1 0 0 0 0])
  ("load-path" .
   [2 0 0 0 0 0 0 0 0])
  ("setq" .
   [1 0 0 0])
  ("python-mode" .
   [1 0 0 0 0 0 0 0 0 0 0])))
